# dist 2


# dist 3
122803 131925 112889 135586 125253 132783 122040 116375 126801 -> 3
119213 112657 109250 133524 125410 108878 142840 94677 106457 -> 8
121485 112114 107458 131401 126364 105879 117573 96779 108203 -> 8
142471 136246 135071 140754 138708 130255 148740 120199 128413 -> 8
88489 95263 94026 83702 79011 73402 78396 71828 77143 -> 8
138550 138878 124082 143386 152156 112792 152534 105468 116114 -> 8
48303 45007 50921 76468 59515 44574 57036 40381 54961 -> 8




#dist 4
46082 45937 44612 46551 47685 46335 40594 41377 43472 -> 7
49251 47244 42755 45825 49032 37309 50134 31336 35983 -> 8
65115 65013 64592 70978 74981 57513 56622 51770 63008 -> 8
63106 58313 63716 60724 63816 55693 47577 50461 54104 -> 7
24284 25030 34821 23063 31399 25361 20795 20555 29329 -> 8
83601 86248 72466 87147 88243 69063 87281 62541 69674 -> 8
19717 20645 25586 41334 29623 21502 26755 15751 26159 -> 8
77671 76993 69983 87882 86847 67805 78297 61066 67415 -> 8
42725 44934 32409 36455 43982 26698 34356 24941 24792 -> 9




#dist 5
13068 16161 14536 15966 18630 15338 9550 11167 14913 -> 7
12271 12030 11092 11577 14767 9822 9574 6730 10644 -> 8
25390 30079 25945 27605 31553 20555 17976 16894 22026 -> 8
22727 24946 21003 22554 23051 17362 12584 14457 16128 -> 7
4209 5468 4282 5646 9047 4529 3549 2712 4664 -> 8
44759 49274 43214 50047 56195 39107 37947 33632 40536 -> 8
6633 8437 12156 14084 13048 6263 5412 4875 6439 -> 8
42519 48226 40323 48761 51088 38677 38967 33909 39290 -> 8
17851 20928 14141 19163 22622 11858 9284 9620 11664 -> 7
