0 0 0 0 0 0 0 0 0 0 0 0 0 0 0 0 0 0
0 5 8 3 2 6 1 8 7 7 9 6 4 1 5 3 8 9
0 4 1 1 5 4 5 4 5 7 6 5 8 8 7 2 4 9
0 2 6 6 1 1 5 2 9 9 4 3 7 2 7 1 3 6
0 5 8 6 4 9 1 9 3 6 6 6 1 6 8 5 2 4
0 9 2 8 4 7 4 1 3 3 9 1 8 9 8 6 5 5
0 2 1 4 8 7 6 9 8 5 2 1 6 9 4 1 1 2
0 4 6 9 1 1 2 4 2 4 2 8 8 5 2 6 1 5
0 9 1 5 2 9 5 1 3 5 2 2 9 7 1 2 8 7
0 5 1 9 2 7 1 1 8 8 9 6 5 7 2 2 8 7
0 1 6 5 1 8 5 9 3 5 6 1 2 6 7 4 4 3
5 7
6 7
apple_cnt 2
ub 2
==============================
6 8
7 8
apple_cnt 2
ub 2
==============================
4 6
4 7
apple_cnt 2
ub 2
==============================
5 6
6 6
apple_cnt 2
ub 2
==============================
5 5
5 8
apple_cnt 2
ub 2
==============================
5 10
5 11
apple_cnt 2
ub 2
==============================
3 10
4 10
apple_cnt 2
ub 2
==============================
2 6
3 6
apple_cnt 2
ub 2
==============================
3 5
4 5
apple_cnt 2
ub 2
==============================
4 5
6 8
apple_cnt 2
ub 2
==============================
4 4
4 9
apple_cnt 2
ub 2
==============================
7 10
7 11
apple_cnt 2
ub 2
==============================
3 11
3 12
apple_cnt 2
ub 2
==============================
5 2
5 3
apple_cnt 2
ub 2
==============================
4 3
5 4
apple_cnt 2
ub 2
==============================
7 5
8 5
apple_cnt 2
ub 2
==============================
9 7
10 7
apple_cnt 2
ub 2
==============================
1 5
2 5
apple_cnt 2
ub 2
==============================
3 3
6 3
apple_cnt 2
ub 2
==============================
7 3
7 4
apple_cnt 2
ub 2
==============================
6 4
7 6
apple_cnt 2
ub 2
==============================
7 2
7 7
apple_cnt 2
ub 2
==============================
1 11
1 12
apple_cnt 2
ub 2
==============================
1 10
1 13
apple_cnt 2
ub 2
==============================
2 13
3 13
apple_cnt 2
ub 2
==============================
5 16
5 17
apple_cnt 2
ub 2
==============================
8 1
8 2
apple_cnt 2
ub 2
==============================
9 2
9 3
apple_cnt 2
ub 2
==============================
8 3
10 3
apple_cnt 2
ub 2
==============================
3 17
4 17
apple_cnt 2
ub 2
==============================
8 15
8 16
apple_cnt 2
ub 2
==============================
9 15
9 16
apple_cnt 2
ub 2
==============================
7 15
10 15
apple_cnt 2
ub 2
==============================
9 17
10 17
apple_cnt 2
ub 2
==============================
5 9
6 10
apple_cnt 3
ub 3
==============================
8 8
8 10
apple_cnt 3
ub 3
==============================
7 5
8 9
apple_cnt 3
ub 3
==============================
2 3
2 7
apple_cnt 3
ub 3
==============================
2 1
2 8
apple_cnt 3
ub 3
==============================
1 7
3 7
apple_cnt 2
ub 3
==============================
3 4
4 8
apple_cnt 2
ub 3
==============================
1 4
2 8
apple_cnt 3
ub 3
==============================
1 3
1 9
apple_cnt 2
ub 3
==============================
9 4
9 6
apple_cnt 3
ub 3
==============================
8 4
9 8
apple_cnt 2
ub 3
==============================
8 14
10 14
apple_cnt 3
ub 3
==============================
10 13
10 16
apple_cnt 2
ub 3
==============================
7 1
10 1
apple_cnt 3
ub 3
==============================
6 1
6 12
apple_cnt 4
ub 4
==============================
5 15
6 17
apple_cnt 4
ub 4
==============================
2 15
3 16
apple_cnt 4
ub 4
==============================
1 16
4 16
apple_cnt 2
ub 4
==============================
